name: flame310
channels:
  - pytorch
  - defaults
  - fvcore
  - iopath
  - conda-forge
dependencies:
  - blas=1.0=mkl
  - brotli-python=1.0.9=py310hd77b12b_7
  - bzip2=1.0.8=he774522_0
  - ca-certificates=2023.12.12=haa95532_0
  - certifi=2023.11.17=py310haa95532_0
  - cffi=1.16.0=py310h2bbff1b_0
  - charset-normalizer=2.0.4=pyhd3eb1b0_0
  - cryptography=41.0.7=py310h89fc84f_0
  - cudatoolkit=11.6.2=h3aee862_12
  - dataclasses=0.8=pyh6d0b6a4_7
  - ffmpeg=4.2.2=he774522_0
  - filelock=3.13.1=py310haa95532_0
  - freetype=2.12.1=ha860e81_0
  - future=0.18.3=py310haa95532_0
  - giflib=5.2.1=h8cc25b3_3
  - gmpy2=2.1.2=py310h7f96b67_0
  - icc_rt=2022.1.0=h6049295_2
  - idna=3.4=py310haa95532_0
  - intel-openmp=2023.1.0=h59b6b97_46320
  - jinja2=3.1.2=py310haa95532_0
  - jpeg=9e=h2bbff1b_1
  - lerc=3.0=hd77b12b_0
  - libdeflate=1.17=h2bbff1b_1
  - libffi=3.4.4=hd77b12b_0
  - libjpeg-turbo=2.0.0=h196d8e1_0
  - libpng=1.6.39=h8cc25b3_0
  - libtiff=4.5.1=hd77b12b_0
  - libuv=1.44.2=h2bbff1b_0
  - libwebp=1.3.2=hbc33d0d_0
  - libwebp-base=1.3.2=h2bbff1b_0
  - lz4-c=1.9.4=h2bbff1b_0
  - markupsafe=2.1.3=py310h2bbff1b_0
  - mkl=2023.1.0=h6b88ed4_46358
  - mkl-service=2.4.0=py310h2bbff1b_1
  - mkl_fft=1.3.8=py310h2bbff1b_0
  - mkl_random=1.2.4=py310h59b6b97_0
  - mpc=1.1.0=h7edee0f_1
  - mpfr=4.0.2=h62dcd97_1
  - mpir=3.0.0=hec2e145_1
  - mpmath=1.3.0=py310haa95532_0
  - networkx=3.1=py310haa95532_0
  - openjpeg=2.4.0=h4fc8c34_0
  - openssl=3.0.12=h2bbff1b_0
  - pillow=10.0.1=py310h045eedc_0
  - pip=23.3.1=py310haa95532_0
  - pycparser=2.21=pyhd3eb1b0_0
  - pyopenssl=23.2.0=py310haa95532_0
  - pysocks=1.7.1=py310haa95532_0
  - python=3.10.13=he1021f5_0
  - python_abi=3.10=2_cp310
  - pytorch=1.12.1=py3.10_cuda11.6_cudnn8_0
  - pytorch-mutex=1.0=cuda
  - pyyaml=6.0.1=py310h2bbff1b_0
  - requests=2.31.0=py310haa95532_0
  - setuptools=68.2.2=py310haa95532_0
  - six=1.16.0=pyhd3eb1b0_1
  - sqlite=3.41.2=h2bbff1b_0
  - sympy=1.12=py310haa95532_0
  - tbb=2021.8.0=h59b6b97_0
  - tk=8.6.12=h2bbff1b_0
  - torchaudio=0.12.1=py310_cu116
  - torchvision=0.13.1=py310_cu116
  - typing_extensions=4.9.0=py310haa95532_0
  - tzdata=2023d=h04d1e81_0
  - ucrt=10.0.20348.0=haa95532_0
  - urllib3=1.26.18=py310haa95532_0
  - vc=14.2=h21ff451_1
  - vc14_runtime=14.38.33130=h82b7239_18
  - vs2015_runtime=14.38.33130=hcb4865c_18
  - wheel=0.41.2=py310haa95532_0
  - win_inet_pton=1.1.0=py310haa95532_0
  - xz=5.4.5=h8cc25b3_0
  - yaml=0.2.5=he774522_0
  - zlib=1.2.13=h8cc25b3_0
  - zstd=1.5.5=hd43e919_0
  - pip:
      - chumpy==0.70
      - colorama==0.4.6
      - face-alignment==1.4.1
      - freetype-py==2.4.0
      - imageio==2.33.1
      - kornia==0.7.1
      - lazy-loader==0.3
      - llvmlite==0.41.1
      - numba==0.58.1
      - numpy==1.23.4
      - opencv-python==4.9.0.80
      - packaging==23.2
      - pyglet==2.0.10
      - pyopengl==3.1.0
      - pyrender==0.1.39
      - scikit-image==0.22.0
      - scipy==1.11.4
      - smplx==0.1.28
      - tifffile==2023.12.9
      - tqdm==4.66.1
      - trimesh==3.6.18
      - yacs==0.1.8
prefix: C:\Users\joeli\miniforge3\envs\flame310
